time,x,y,z,phi,theta,psi,x_velocity,y_velocity,z_velocity,phi_velocity,theta_velocity,psi_velocity,rotor_speed1,rotor_speed2,rotor_speed3,rotor_speed4
0.06,7.78223501971e-08,2.34142176046e-07,10.0045455911,6.28269764623,6.28306264211,0.0,8.93447700981e-06,-8.34293176408e-06,0.151510913178,-0.0340374350504,-0.00648391663022,0.0,452.5138738230009,451.9917644152669,455.00840604589723,452.27579161510135
0.12000000000000001,4.90265187512e-06,-1.96066510193e-05,10.0182300444,6.28034910038,6.28272281291,0.0,0.000191876930507,-0.000891240824464,0.304608118669,-0.0520543264163,-0.00407203439367,0.0,453.82520846889287,454.0188230808785,453.7483001642838,452.2990345016094
0.18,2.9506060007e-05,-0.000161084757705,10.0447003798,6.27673947423,6.28251315254,0.0,0.000657127976205,-0.00424182426897,0.577636680479,-0.0859188635777,-0.00236320647052,0.0,488.58042570067397,488.70786138801543,490.3434998299543,487.81908194266975
0.23999999999999996,8.2365720263e-05,-0.000556962455264,10.0808136863,6.2716816605,6.2821862716,0.0,0.00112615584059,-0.00943567217019,0.626110577394,-0.0812376456233,-0.0124689360801,0.0,421.38082492586324,420.50653140280514,420.0545568676283,420.45397475634394
0.3,0.000176239059035,-0.00141002589261,10.1238426643,6.26669545497,6.28143627253,0.0,0.0020883345802,-0.0195608047924,0.808069817472,-0.0871208847408,-0.0125621529842,0.0,463.76144731786155,463.7542541626322,461.72264647175047,461.2529632255487
0.36000000000000004,0.000342967778974,-0.00296567434764,10.1765690783,6.26178536299,6.2805907598,0.0,0.00355534589959,-0.0328384766296,0.949359934375,-0.0729438084607,-0.0173415840077,0.0,451.6052453047901,451.2197324033229,449.07452385285393,450.21743968289024
0.4200000000000001,0.000616094786439,-0.00541621461845,10.2374888358,6.25734447256,6.27993296838,0.0,0.00563669735257,-0.0493140287592,1.0811715129,-0.076246556937,-0.000554829073049,0.0,447.09944434396,448.46496806311654,448.07839338921326,447.8056120753884
0.48000000000000015,0.00100618055979,-0.00879991130406,10.3006153503,6.2527520263,6.27952512579,0.0,0.0073801468837,-0.0638376879179,1.02308959224,-0.0771354280344,-0.0237762335475,0.0,385.21352102738257,383.0116446472119,385.49416867365636,385.4045585487994
0.5400000000000001,0.00154929790482,-0.0134315369304,10.3699582482,6.24845593048,6.2783102476,0.0,0.0108887776662,-0.0911036072268,1.28806032775,-0.062358863697,-0.0139900657005,0.0,487.8438764830167,488.5740157583061,486.48338210714553,487.58488724645207
0.6000000000000002,0.0023233457766,-0.0197492585123,10.4536243289,6.24509640627,6.27771273998,0.0,0.0149956106699,-0.119896814297,1.5005375287,-0.0456027806388,-0.00291698757499,0.0,473.5250961699914,474.3761811663237,471.4501431947221,472.7408825903199
0.6600000000000003,0.00332252608093,-0.027640023978,10.5440409153,6.24217205009,6.27745280098,0.0,0.018329534653,-0.143379857995,1.51332032282,-0.0558920994491,-0.0073250415247,0.0,410.6525662070705,410.261474875695,411.5069050635027,410.59343888741256
0.7200000000000003,0.00453874420236,-0.0370762798709,10.6371803278,6.23856005571,6.27685658912,0.0,0.0222610156515,-0.171500218611,1.591204406,-0.0706182476735,-0.0157523399681,0.0,433.31928162106044,432.61043995640097,432.28271456973675,431.0373440749424
0.7800000000000004,0.00601031899399,-0.0483156890304,10.7358792983,6.23439384956,6.27596966091,0.0,0.0268849063585,-0.20357347527,1.69858400918,-0.0671738870936,-0.0129091702654,0.0,441.34389220041794,441.57857825919615,442.35910734069006,442.6389353052346
0.8400000000000004,0.0078245092549,-0.0618850999609,10.8474536665,6.23001063198,6.27533562089,0.0,0.0336788072763,-0.249277328943,2.02001651713,-0.0886478166312,-0.00625285214142,0.0,506.17491036117207,506.65380097335105,504.94860363582995,503.3935884680162
0.9000000000000005,0.0100217418271,-0.0780534987076,10.9733337651,6.22473391182,6.27544448891,0.0,0.0395707408692,-0.290238693893,2.17566514547,-0.0865770608124,0.0143966354905,0.0,456.7895608801782,458.4332014501131,459.2802138518168,459.4382642631921
0.9600000000000005,0.0125845031984,-0.0969476005407,11.1110731762,6.2192124443,6.27651235923,0.0,0.0457313664737,-0.340190570512,2.41512682992,-0.106079185591,0.0238544595728,0.0,483.36135090980434,484.0734510059636,484.9425186690032,483.46888033732745
1.0200000000000005,0.0154710465947,-0.118810604954,11.2605498131,6.21289178163,6.27798779889,0.0,0.0503247143388,-0.389251377244,2.56704342346,-0.103915012111,0.0260236719072,0.0,458.88909194107833,459.0613142822881,459.22359788843914,459.3859189337659
1.0800000000000005,0.0185940740138,-0.143674848749,11.4179746881,6.20657032812,6.27959455114,0.0,0.05360967267,-0.440191851217,2.68013510375,-0.10840836596,0.0282487937939,0.0,449.04057632100375,449.2211934857113,447.0548553169067,446.6789300578057
1.1400000000000006,0.0218798301079,-0.17173810317,11.5822804464,6.19958174899,6.28155340771,0.0,0.0557219088749,-0.495924226214,2.79637663157,-0.141985834597,0.0402445386407,0.0,448.09861003707795,449.0730850019408,452.1019275922213,449.37561281193126
1.2000000000000006,0.0252430641616,-0.202976188776,11.749734105,6.19080659201,0.00132566052057,0.0,0.0561512814693,-0.546087430393,2.785358791,-0.156539366896,0.0630497757311,0.0,407.5495875458388,409.5845275161645,410.06259592586963,408.7454333071287
1.2600000000000007,0.0285640382158,-0.237970738579,11.9227765788,6.18118741677,0.00508429242181,0.0,0.0541081996875,-0.621455381551,2.98209735197,-0.16920571,0.0618198154832,0.0,475.23822161190395,475.1464959849402,475.2106701952092,474.2159608330338
1.3200000000000007,0.0316621503648,-0.277906181572,12.1094073902,6.1705842072,0.00943059841546,0.0,0.0486526741925,-0.710941608812,3.23806350241,-0.199232436817,0.087968502033,0.0,492.4541378348264,494.38786894162223,494.47210323867574,492.22747592280274
1.3800000000000008,0.0343817908009,-0.322761247398,12.3050572953,6.15887837744,0.0145712022191,0.0,0.0415105422497,-0.785321012197,3.28329835169,-0.187907821048,0.0806501438241,0.0,431.71388037007046,431.10218323016767,430.5419755956375,431.46050735060203
1.4400000000000008,0.0365740446813,-0.372314022348,12.5035033223,6.14780431351,0.0189572376976,0.0,0.0311214391357,-0.867472464051,3.33124354902,-0.178616595793,0.050373260385,0.0,434.6919090308407,432.1512208371781,431.7228851845423,432.4719943020023
1.5000000000000009,0.0380826171108,-0.426881200291,12.7038890674,6.13698032678,0.0222921357649,0.0,0.0188769369301,-0.952392106076,3.34804125495,-0.184222331163,0.0643635718328,0.0,423.87930012118164,425.0821400087684,422.2431592422352,421.72584438129553
1.560000000000001,0.038778567037,-0.486824648318,12.9058019877,6.12561761802,0.0271970015651,0.0,0.00390416833914,-1.04673760692,3.3820630791,-0.202435635359,0.10364309042,0.0,427.7230929869216,431.0605917600631,430.39533420918787,428.8142858588396
1.620000000000001,0.0383251322245,-0.553496590264,13.114997963,6.11374729016,0.0333479613587,0.0,-0.0197373622111,-1.17696581003,3.59016187815,-0.189956715471,0.100162761707,0.0,484.1724243856008,483.9186803632293,483.7986071061447,484.7024104637604
1.680000000000001,0.0364856992526,-0.627369819464,13.3314633693,6.10238051257,0.0391638902096,0.0,-0.0421255584616,-1.28650216942,3.62495168238,-0.188446075988,0.089535162224,0.0,433.0380610649523,432.15136489038935,432.5110447679158,432.6022740076734
1.740000000000001,0.0332374367988,-0.70783589567,13.5489260956,6.0909707275,0.0445665567646,0.0,-0.0666229799507,-1.3966844898,3.62351178789,-0.193833166658,0.0910433314349,0.0,422.1118729604981,422.24926005060075,420.9254251703941,420.4214456203164
1.8000000000000012,0.0281757995035,-0.796154636346,13.7715289216,6.07945735279,0.0509410105819,0.0,-0.102757304238,-1.54845240281,3.79559435266,-0.188266617148,0.126273658312,0.0,476.0519155040701,478.7486785118987,476.7082658893972,477.1003085085264
1.8600000000000012,0.020764308998,-0.893941584472,14.0048654085,6.06820963522,0.0589444828425,0.0,-0.145165726573,-1.71225103178,3.98117072644,-0.185901732024,0.144763882711,0.0,483.23838214277527,484.6448281788041,482.3971900382949,482.5446441900653
1.9200000000000013,0.0108966512222,-1.00081349861,14.2447090924,6.05770249693,0.0678438731019,0.0,-0.184568756277,-1.85109402659,4.01307888101,-0.159422595216,0.154623560905,0.0,437.6521759180649,438.4930323484743,436.27163945900884,438.4464087126437
1.9800000000000013,-0.00158175992452,-1.1164515298,14.4874584583,6.048763102,0.0771449651075,0.0,-0.232272552428,-2.00432279533,4.07788286931,-0.133671879293,0.155795035781,0.0,449.79736703461646,449.91463249603134,448.22872578735655,450.295631212718
2.0400000000000014,-0.0169099049593,-1.24086566708,14.7315761453,6.04045728267,0.086722272738,0.0,-0.279480563939,-2.14350484427,4.05903494974,-0.150215182288,0.166339418352,0.0,423.34932991052773,424.28118056442236,423.724361303465,422.2804889824997
2.1000000000000014,-0.0353556711936,-1.37409401069,14.975766443,6.03139409697,0.0965704296723,0.0,-0.336276806755,-2.29821300235,4.08006833831,-0.152781662023,0.1593254561,0.0,438.4468726683086,437.88978007300824,437.24236866008926,437.00657070400564
2.1600000000000015,-0.0573772203041,-1.51673475277,15.2209961131,6.02228015216,0.105750780965,0.0,-0.398615591713,-2.45725426955,4.09367341747,-0.150191984803,0.135757822341,0.0,437.4181321983563,435.47300352919666,436.4386894457231,436.6326074610381
2.2200000000000015,-0.0838546765222,-1.6704112645,15.4718993556,6.01294205012,0.114241326121,0.0,-0.484835142836,-2.66610239066,4.26840949875,-0.169663920795,0.151050846755,0.0,488.07979498681965,489.2364135394087,489.14001497101765,487.66674674742694
2.2800000000000016,-0.114803544357,-1.83474899322,15.7256968142,6.00340106292,0.12338062935,0.0,-0.547517364401,-2.81262145342,4.19124803397,-0.143464948145,0.154746520826,0.0,409.3154446816171,409.66827717175636,408.34082905262267,410.644641384366
2.3400000000000016,-0.150260480833,-2.00935614229,15.9793933198,5.9943494777,0.132402187647,0.0,-0.635237708403,-3.00834217721,4.26430740772,-0.172791625393,0.139714213555,0.0,462.00673093660805,460.8400576606096,461.34933605398373,459.00626632497773
2.4000000000000017,-0.190319058025,-2.19410265965,16.2313832716,5.98525857638,0.140628181247,0.0,-0.700673699956,-3.15065518031,4.13528926119,-0.126703389515,0.131285625439,0.0,392.3790926915583,391.6158116547324,392.63835862247595,396.86494178187246
2.4600000000000017,-0.235379757524,-2.38949705214,16.4819779551,5.97738236335,0.148175844926,0.0,-0.802051801572,-3.36310664452,4.21678856787,-0.142461953511,0.111593902609,0.0,467.746131703331,466.2232441444447,465.744650138848,464.49516293090926
2.520000000000002,-0.28620583374,-2.5968647186,16.7343922732,5.96863726038,0.155003114505,0.0,-0.892705715144,-3.549862426,4.19637608402,-0.153301644298,0.117846082043,0.0,435.2058889071361,435.7407566671483,434.73286021195116,433.8029452813795
2.580000000000002,-0.343056596193,-2.81651524145,16.988289945,5.95973636411,0.162037579882,0.0,-1.00292507716,-3.77254023975,4.265701041,-0.139940227251,0.116003993527,0.0,466.7216194040686,466.5894121165358,465.04855146106894,466.0744150797085
2.640000000000002,-0.406680627396,-3.04974137521,17.2463331474,5.9517168715,0.168525071529,0.0,-1.1184463223,-4.0022921534,4.33453112084,-0.123389157222,0.0836750804502,0.0,469.5028771491223,466.9966641973318,468.10328375561585,469.3740406729223
2.700000000000002,-0.476764279438,-3.29578084369,17.5051048671,5.94497347149,0.173553468391,0.0,-1.21806476299,-4.19962343333,4.2906055631,-0.0964541538347,0.0840682224365,0.0,433.1264186600811,433.165424866479,432.76681423273857,435.0164419268219
2.760000000000002,-0.553429732722,-3.5547671232,17.7639376233,5.93885761244,0.178408490206,0.0,-1.33781970266,-4.43369406465,4.33608806381,-0.116085454596,0.0737279260678,0.0,463.911537162924,463.1037177457071,467.0063809911127,465.46363889871867
2.820000000000002,-0.637103837764,-3.82743248053,18.0239970893,5.93148132601,0.183280447323,0.0,-1.45165883397,-4.65572756136,4.33166600277,-0.142392870566,0.0930294437758,0.0,449.8294198136015,451.3951129012621,452.06410347781525,449.92489018510156
2.880000000000002,-0.72761603017,-4.113418959,18.2832614785,5.92283689798,0.18866114839,0.0,-1.56582163604,-4.87784412347,4.30954987178,-0.147662916114,0.0819603064491,0.0,447.67449850924027,446.77935055283126,446.94948451297734,446.5003813324587
2.940000000000002,-0.824907688211,-4.41259946326,18.5402844262,5.91404171946,0.193975121071,0.0,-1.67760955143,-5.09556373664,4.25706391344,-0.14451805973,0.0992724632111,0.0,437.1301176394609,438.5772207716121,439.41169019489706,439.65198297998774
3.000000000000002,-0.9297143683,-4.72631872012,18.7974143683,5.90602398347,0.200204493746,0.0,-1.81637981808,-5.36232108994,4.31241339212,-0.117813332337,0.111641888778,0.0,476.5274713025379,477.48075597230195,475.4924643458076,477.5186192493857
3.0600000000000023,-1.04261431271,-5.05556188109,19.0560796279,5.89864478535,0.207167866794,0.0,-1.94745371347,-5.61298400652,4.30855842827,-0.136110953348,0.123671448902,0.0,459.6649778636191,460.62894314884386,461.8093734802592,460.3501513004255
3.1200000000000023,-1.16327180639,-5.399581003,19.3133360201,5.89038975464,0.214291232422,0.0,-2.07499355805,-5.85495507004,4.26555974355,-0.140701790955,0.106330564708,0.0,451.10807161249517,449.7176197895152,450.10024700688484,449.7111688921684
3.1800000000000024,-1.2925089666,-5.75970038675,19.5712779286,5.8820901692,0.220520033222,0.0,-2.23330543775,-6.14953121079,4.33064151737,-0.133959602299,0.0982375517851,0.0,488.722738913611,488.12732909095115,488.37719971371445,488.8640583891932
3.2400000000000024,-1.43101509951,-6.13706422727,19.8315033995,5.87380601669,0.225996971507,0.0,-2.38390600651,-6.42980400012,4.34195267772,-0.147896485096,0.0713677794702,0.0,475.69943477587,473.64309298779995,476.1172865585738,475.03309372827624
3.3000000000000025,-1.57784097701,-6.53001946858,20.0890111024,5.8652484297,0.230585858391,0.0,-2.51057812652,-6.66943980892,4.24071993484,-0.133762329349,0.0851260153418,0.0,439.94690901372246,441.0895123060551,439.1402784679019,440.2921137646579
3.3600000000000025,-1.73281359437,-6.93833443851,20.3421328338,5.85729503728,0.235699766248,0.0,-2.65546591947,-6.94165557389,4.19531702477,-0.130250293299,0.0854423883414,0.0,461.2123983244361,461.2430678808163,462.42285810332754,462.68409371738613
3.4200000000000026,-1.8954539491,-7.36123993155,20.588164858,5.84943407294,0.240754099399,0.0,-2.7662745863,-7.15602978696,4.00532677746,-0.132591626939,0.0817179277308,0.0,413.0902843553075,412.7680184577563,412.457315760416,412.2331984216401
3.4800000000000026,-2.06628817202,-7.79968722925,20.828103631,5.84136919776,0.245358474982,0.0,-2.92840314315,-7.45940822528,3.99089826216,-0.138330772791,0.0642456619505,0.0,477.47274413838807,476.14170599860086,477.08568869715054,476.63183420082595
3.5400000000000027,-2.245246223,-8.2536493699,21.0609334025,5.8330160764,0.249628564853,0.0,-3.03721422237,-7.67359385807,3.76973298155,-0.141054236886,0.0822925908487,0.0,405.2327406862804,406.85660247354,405.7903431999271,405.525678267426
3.6000000000000028,-2.43159892505,-8.7220017992,21.2831965945,5.82479632834,0.254480469001,0.0,-3.17483883056,-7.93890730958,3.63793444319,-0.129920362036,0.0778472079455,0.0,441.3578026363678,440.9959707458047,440.34589525110715,441.2486105313022
3.660000000000003,-2.62672189753,-9.20719716828,21.4988875642,5.81676066889,0.258865437304,0.0,-3.32947080021,-8.23491440025,3.55027899296,-0.143459963199,0.0612700552061,0.0,459.50099046388976,458.1884715706542,460.8879540745896,459.8002785256398
3.720000000000003,-2.83189930612,-9.71154532005,21.7115029408,5.80820668446,0.262545038227,0.0,-3.5097903715,-8.57720460683,3.53474313502,-0.140838606927,0.0614396460186,0.0,487.88838745092295,487.9033710119464,487.96983829057484,488.1485813657098
3.780000000000003,-3.0482329221,-10.2371034735,21.9238505658,5.79979767789,0.265706637401,0.0,-3.70126835902,-8.94182025833,3.54105661461,-0.138808997192,0.0227080910347,0.0,502.3738682641063,499.558085444261,499.1756635259734,499.307903124556
3.840000000000003,-3.27488141566,-10.7826668081,22.1323659846,5.79170679696,0.267234703968,0.0,-3.85365856509,-9.24438781945,3.40802592302,-0.127921860006,0.0304827619873,0.0,458.3523210281051,458.97007477260365,456.29101844478055,457.1433004885468
3.900000000000003,-3.51193464093,-11.3487164091,22.3366670853,5.78509259597,0.268506321196,0.0,-4.04786387614,-9.62429100987,3.39956710904,-0.0881033591548,-0.0135159002096,0.0,505.86518418099405,502.6860010931454,502.283598744084,505.1537900621814
3.960000000000003,-3.75950428572,-11.9357692963,22.5365686975,5.77962263678,0.267181504186,0.0,-4.2042738092,-9.94486876247,3.26247972463,-0.0981230672403,-0.0507734146093,0.0,466.25235970865907,463.3312061487605,465.92031621192126,465.12940368425086
4.020000000000002,-4.01626395601,-12.5419525627,22.7275050248,5.77423093251,0.263739783279,0.0,-4.35409518836,-10.2621090206,3.10086733175,-0.0770498165474,-0.0757168626501,0.0,460.68804935941256,458.70845432116647,458.58467656929054,460.24944621262574
4.080000000000001,-4.28247607497,-13.16830322,22.9102153047,5.76997222144,0.258766787522,0.0,-4.51911441088,-10.6169742587,2.98794871927,-0.0609907948648,-0.103754808712,0.0,480.50768991147106,478.37129208043666,479.2709044531732,480.48676959329896
4.14,-4.55794291976,-13.8151029956,23.0840860856,5.76616412485,0.252425234413,0.0,-4.6627061031,-10.9440382139,2.80676507016,-0.0689484470974,-0.109876920201,0.0,459.47636684679503,458.9811752069884,458.7536856749906,458.1183308407829
4.199999999999998,-4.84054184248,-14.4790375644,23.2421415386,5.76277015648,0.246464513611,0.0,-4.75739439018,-11.188779092,2.46194970037,-0.0391899405012,-0.0839137023146,0.0,394.8521380054307,397.2309539704944,397.42057725735,400.1371626922581
4.259999999999997,-5.13057044311,-15.161402955,23.3854840237,5.76079051223,0.242360925545,0.0,-4.90985550327,-11.5576666753,2.31480112819,-0.0228338696345,-0.0480708639213,0.0,472.12118441588177,474.87582764604247,472.0142956733384,473.2748942584868
4.319999999999996,-5.42993424602,-15.866599095,23.5206053768,5.75912872805,0.239607169643,0.0,-5.06863605478,-11.9497302655,2.18766107122,-0.0398257767842,-0.0418679765027,0.0,483.7634164132078,484.2293657779251,483.1697839616503,481.8864277655523
4.379999999999995,-5.73741987979,-16.5927352873,23.6429895576,5.75734003307,0.2371023101,0.0,-5.18103100216,-12.2564197037,1.89137857584,-0.0149450672964,-0.0415081699376,0.0,424.42559625828295,424.4554680553731,424.18849515434357,426.32018538789106
4.439999999999993,-6.05302219985,-17.3403984422,23.7523225233,5.75703369633,0.234692814229,0.0,-5.33881398997,-12.6667050801,1.75144330703,0.00956695569735,-0.0375872395963,0.0,483.8267962799298,484.1213252699621,482.36619493386326,484.21443190324317
4.499999999999992,-6.37771511292,-18.1121876436,23.85172625,5.75771247673,0.233510639055,0.0,-5.48425579291,-13.0609063919,1.56077951067,0.0145944741388,0.00260249097966,0.0,467.8060073328759,470.9260485989994,469.4232804946077,469.8132607839875
4.559999999999991,-6.71158791126,-18.9088417358,23.9410606034,5.75890382483,0.2339814772,0.0,-5.64483896248,-13.4953664017,1.41530342073,0.0287159911936,0.0166847040373,0.0,487.79260025332064,488.84334638686016,487.82729261202746,488.8809306719743
4.6199999999999894,-7.05369500575,-19.7288502622,24.0162086805,5.76015238219,0.235275857778,0.0,-5.75915770749,-13.8403387645,1.08922752356,-0.00382935941551,0.0298946097355,0.0,425.44217500173534,426.5722348574304,428.19656306792467,425.4177508488167
4.679999999999988,-7.40299801575,-20.5705045953,24.0725921646,5.75972074348,0.237490319086,0.0,-5.88463830956,-14.2167856951,0.789234631687,-0.0149549002635,0.0481530168553,0.0,437.93292810669914,439.45025586604874,437.8411032059193,436.9142415442809
4.739999999999987,-7.76073142042,-21.4368546657,24.1137085523,5.75872725143,0.2401281164,0.0,-6.04002344311,-14.6631858825,0.579335077844,-0.0199746197325,0.0338916840662,0.0,474.0464856803678,472.9498786622236,474.48269181715295,474.09712717263653
4.799999999999986,-8.12734600033,-22.329347749,24.1401245365,5.75712777227,0.242151800793,0.0,-6.18073930356,-15.0886382437,0.299586274499,-0.0454158665845,0.0333988949375,0.0,453.20581429826353,453.1666200193745,454.8781052895602,452.8351187847049
4.859999999999984,-8.50222585024,-23.2473219199,24.1486008317,5.75409533201,0.244123536371,0.0,-6.31554595817,-15.512770708,-0.0187297190702,-0.0635160160546,0.0317670124261,0.0,443.98942449541084,443.85587670654616,443.8406846624891,442.3503346823065
4.919999999999983,-8.88622510479,-24.1931859158,24.1409889982,5.7501439489,0.245943661244,0.0,-6.48446196066,-16.0179454652,-0.237888680442,-0.0710016437539,0.0273069552031,0.0,484.06894543580927,483.73329617627144,484.47637985765795,483.9101763142432
4.979999999999982,-9.27976854723,-25.1685541446,24.1175898471,5.74549877861,0.247704211373,0.0,-6.63380808059,-16.4966953782,-0.544572370376,-0.0950747692286,0.0331303594929,0.0,459.27047043720796,459.7325271703809,461.1738476681324,459.2628652331554
5.0399999999999805,-9.68184385104,-26.1722052376,24.073706277,5.739792409,0.249688309596,0.0,-6.76893724706,-16.9610261475,-0.920600516245,-0.0951689683235,0.0329439275556,0.0,441.01657914587116,441.00160518366414,439.99436334456516,439.9787756923862
